001715 0.984450 1054.782593 600.148315 1074.616333 617.028076
001057 0.995777 393.941101 336.362396 409.171875 349.554657
000441 0.978438 1222.767090 405.732483 1239.609375 418.424988
000606 0.993500 408.771057 272.924225 425.095276 285.422760
002053 0.985221 1307.762695 661.809631 1330.984619 681.229919
000303 0.987419 920.213318 381.526428 951.222717 410.270203
001062 0.884378 789.028137 529.137695 826.426697 555.480835
001475 0.991379 1178.051147 47.300606 1228.404175 90.152885
002694 0.997271 456.150757 245.499100 473.038208 259.741180
001722 0.982311 754.717346 103.804420 793.482239 147.009354
001459 0.981337 1524.752808 703.043457 1542.164185 720.076050
001713 0.977602 823.515503 528.945068 841.052490 538.158325
002040 0.987363 385.725494 297.073975 400.334991 308.453552
001959 0.993770 949.496643 240.892578 1008.256287 292.352356
001463 0.986791 1109.663452 551.503052 1126.657593 568.171509
000018 0.997911 1070.911987 367.942444 1108.549438 404.223328
000986 0.990508 479.992035 657.261047 500.353668 673.755310
001173 0.988992 389.991547 648.112305 408.990753 663.460449
000207 0.837211 1042.860840 255.104584 1093.048828 290.254486
002546 0.996289 1529.737061 320.636810 1563.612061 352.707428
002564 0.985939 491.254578 379.604492 508.301147 396.002869
000208 0.990347 592.945740 653.344727 610.832214 668.937866
002383 0.823029 1395.273438 666.601868 1413.331299 683.345154
002383 0.618698 1.000000 112.296555 18.479467 154.959946
001653 0.959658 809.686096 43.878899 848.161194 76.498207
001469 0.998498 1089.716187 177.693359 1131.995972 214.593719
001241 0.820237 999.748230 573.867798 1021.617859 591.156006
002473 0.988426 1155.180298 76.936462 1197.668091 112.129105
000608 0.995554 885.784729 564.795105 927.344055 609.883972
002555 0.993749 1242.879639 116.546219 1294.722900 161.146683
002700 0.996202 454.220795 282.238556 473.658966 298.185211
000326 0.987958 538.341003 100.094734 581.358459 136.062958
002557 0.884971 490.095245 314.320129 509.388519 332.704224
000864 0.983867 409.577179 305.891724 423.316986 317.002441
000005 0.985811 986.451538 570.258301 1010.431519 588.554321
000855 0.987402 1224.439453 294.962341 1255.774170 318.823853
000737 0.975096 836.041931 190.373550 879.568665 220.345505
000731 0.977629 1252.521240 433.312531 1268.822266 444.602203
001728 0.980182 760.902039 184.033295 806.403992 216.820068
001553 0.971493 943.330811 623.065491 960.849121 632.313660
001658 0.661194 1008.839417 459.531952 1084.632202 522.851807
000854 0.982416 1081.459595 499.907990 1095.807007 512.987976
001955 0.991508 863.856506 113.812820 906.602844 144.076233
000320 0.988022 670.249939 126.997375 713.210999 157.134613
000536 0.963462 1043.666016 314.440063 1060.172363 328.003784
000636 0.711244 964.966675 613.423462 979.383667 628.394409
002044 0.698520 1002.928223 289.956909 1018.966309 304.624756
000315 0.998462 1632.308594 121.917107 1693.136230 169.629700
000479 0.978752 524.816528 439.120514 541.605347 455.084686
002222 0.996576 983.686340 650.180664 1017.735168 680.633545
000310 0.996778 1153.951172 409.569946 1191.031250 441.572815
000528 0.940053 1024.687744 452.985901 1042.200684 470.792114
001059 0.991753 723.738708 79.059433 765.916565 111.727493
000515 0.973172 1319.868530 669.589111 1341.296997 686.982178
001819 0.948084 1799.724243 126.562302 1841.059448 160.619095
001568 0.992984 833.677612 57.112953 875.944946 90.915382
000850 0.967861 993.232727 609.895752 1007.865417 621.537476
001821 0.987980 966.516357 63.769997 983.773438 81.914726
001662 0.988193 1173.884399 294.715057 1191.971558 311.402924
002063 0.896880 702.563049 35.078682 748.988098 68.102745
000432 0.992854 808.681030 112.551323 850.963867 147.733002
000443 0.988989 818.981445 380.108063 834.639282 396.266632
001965 0.799988 1043.032471 617.366638 1141.908691 687.723694
001727 0.986683 892.674377 102.962555 942.475769 138.020569
001569 0.990242 888.937744 217.907211 906.441162 235.131516
001476 0.872266 1041.651123 152.963120 1081.649658 197.181412
000010 0.976607 921.113159 77.961777 956.018433 117.236359
001567 0.979702 988.863159 555.703003 1034.654907 590.118164
002216 0.573156 413.872375 35.090668 451.336792 69.418068
001671 0.995055 403.230042 224.863342 426.493835 243.466187
001071 0.965750 871.626587 491.240112 902.090698 513.391418
000727 0.986714 1215.985962 634.344604 1235.964722 651.814575
000727 0.710807 1.000000 110.996948 19.221973 152.746399
001657 0.986255 381.886627 272.808472 407.360077 290.887146
001820 0.992638 1373.947510 720.094666 1410.537354 753.816956
001227 0.966853 972.319397 385.820892 986.681580 398.373505
000419 0.975451 689.515564 555.957886 710.747620 573.461426
001245 0.699425 851.381165 324.264160 868.418030 335.848206
000625 0.984761 907.633972 161.111786 938.776672 188.209656
000841 0.953219 1180.183716 561.226746 1197.985962 579.666687
000846 0.969795 910.290344 403.398132 929.259094 413.582520
002061 0.998496 832.261230 402.727692 868.930908 434.527374
000212 0.991839 802.574524 464.095062 832.145081 491.960052
001561 0.972438 921.016968 464.255585 937.131104 474.830475
000447 0.987213 946.060303 258.009216 964.831543 273.722839
000012 0.736368 833.886169 338.991608 844.162170 348.680206
001645 0.992182 1496.385498 71.531044 1551.301025 113.076485
000604 0.746400 648.175537 712.208740 692.483276 740.373413
000847 0.982455 1137.685181 292.809570 1178.374390 327.520203
000021 0.969709 482.626862 330.237762 502.440521 339.997528
001675 0.976166 529.511414 293.981476 546.970032 308.688690
000527 0.987733 607.725586 120.975853 660.518555 156.828796
002229 0.974861 1109.935547 475.303101 1130.946045 492.691772
001465 0.991323 697.583191 469.903320 716.908264 483.870667
001231 0.993346 432.790466 273.347443 451.513916 288.696625
001818 0.978521 887.002441 252.949493 916.911377 277.856781
000222 0.893002 913.326538 661.669922 928.086548 672.904053
000619 0.976185 400.386292 317.724213 409.655273 325.268768
000982 0.964140 871.097046 423.438171 885.668945 435.183350
000982 0.769201 20.589645 451.350403 33.997196 460.499329
001552 0.998643 819.389526 441.154358 861.926880 483.590576
000978 0.990650 720.584717 112.361755 769.654541 145.074448
001318 0.990013 909.417419 332.794678 945.649109 371.410095
002693 0.978557 1045.286255 476.605103 1059.163208 488.651794
001064 0.987705 431.029633 657.753906 449.334076 672.989380
001161 0.995948 866.312256 403.290741 902.087524 433.941620
000984 0.981450 900.515137 502.524170 930.297241 524.788818
000862 0.922040 1049.977173 203.004684 1067.171753 217.662796
000023 0.956537 1236.742676 420.332611 1287.549805 455.714569
001326 0.935411 1089.800415 210.181107 1107.208374 226.964523
000115 0.967488 830.010986 346.900970 883.911377 379.472626
001642 0.992152 528.697510 327.375366 549.642944 343.362671
002378 0.998721 1151.125366 221.913162 1198.272583 261.177948
001176 0.997792 955.165588 240.796875 999.094421 277.374023
001979 0.982975 1180.115723 795.409180 1196.350830 809.479126
000213 0.956541 1199.798584 92.436905 1242.700928 135.380203
001564 0.991824 977.841370 492.219604 994.870178 506.774841
001961 0.795106 891.015564 533.466064 906.706360 551.250000
002380 0.997006 768.885864 490.780212 866.040771 531.663269
000990 0.961102 954.733643 680.699097 971.911255 696.717773
001180 0.897492 441.146881 237.426117 454.270660 247.946381
000863 0.941026 497.735168 453.943268 514.540588 469.935883
000861 0.701122 809.361877 794.676758 822.278870 805.726685
000741 0.998539 1430.719971 77.348618 1472.627686 113.508606
000738 0.986959 971.714233 297.482178 988.947998 310.768616
000638 0.914720 527.605835 407.730164 541.059692 417.259033
002067 0.993481 442.282623 298.029602 452.221039 305.865417
000009 0.982497 1326.952759 822.324646 1343.858276 836.897644
000004 0.963796 963.200806 552.954529 978.101196 564.429871
001058 0.985898 971.424194 323.396118 989.964966 338.553894
001825 0.959546 1014.198914 663.211426 1029.809937 676.016602
002681 0.964644 947.983521 315.963104 960.242920 326.736359
000226 0.924955 487.120331 363.940491 515.432678 389.128174
001950 0.998547 862.876770 531.238647 905.265198 577.835571
001562 0.946161 677.769958 679.803467 726.584045 714.827637
001228 0.983514 1326.689819 653.827148 1343.635864 672.383911
000853 0.981558 1102.583008 531.736877 1117.169922 543.174988
001053 0.973232 849.040405 110.522697 899.554321 143.148651
000002 0.990079 896.814453 373.450378 943.510620 413.634460
000221 0.986866 8.021408 558.162720 55.406994 586.730957
001177 0.988168 593.883606 654.144653 611.179749 669.125122
000428 0.983782 794.772156 16.336403 839.998230 43.399940
000531 0.960176 466.160156 280.219543 488.771240 292.954529
000544 0.982610 1456.881104 107.423035 1500.214355 141.303055
001229 0.993342 1124.332520 293.333069 1171.493652 334.430603
001232 0.962998 859.579590 458.193573 876.317749 469.596588
002065 0.986015 742.834656 216.608673 759.165222 232.869598
000216 0.979511 1144.793701 491.826385 1174.714111 516.956909
000518 0.905076 500.162537 257.887695 531.313782 288.124695
000304 0.988655 1313.530396 262.304779 1368.262329 314.790253
001726 0.915443 1203.795532 411.445374 1250.070435 448.424561
001717 0.988961 416.510834 271.072235 442.135834 290.584015
000749 0.951291 1637.760742 385.951752 1677.862305 421.030365
001834 0.990172 822.746460 191.738998 870.961670 224.218521
001056 0.993882 920.007568 411.832306 968.428955 442.553986
000993 0.948034 801.342468 233.351105 828.406921 258.471222
001982 0.982684 1107.613159 552.383423 1123.723511 569.568481
002041 0.979236 868.457275 604.233398 885.797119 615.367676
002547 0.990576 253.513580 73.384979 298.979156 107.461182
001830 0.995858 1075.895142 174.145416 1124.261597 212.125488
001069 0.988537 725.861755 23.381842 771.619812 57.253769
000843 0.981073 414.044769 265.087646 464.909210 297.197937
002213 0.996029 530.379395 344.102051 581.082520 383.592285
001664 0.996833 442.706146 280.329956 461.573517 295.334229
000437 0.998528 830.811218 240.919159 869.364441 277.008270
000420 0.994208 1433.388306 176.435501 1479.260376 218.343735
001832 0.964510 1032.911377 348.057098 1072.944336 378.758759
001472 0.911053 505.757965 667.169678 526.745117 681.924927
000431 0.866208 845.241760 58.296783 894.319031 95.496918
002558 0.980303 967.461182 511.797455 981.994751 523.535950
001678 0.980016 1036.607666 687.924194 1053.662842 699.512207
001672 0.909011 517.923584 258.857758 537.614990 274.662445
001730 0.993735 807.851562 769.084473 867.084595 800.389893
001667 0.979804 1068.789307 460.410217 1084.017334 473.792236
002221 0.863528 722.696350 259.729340 744.623352 279.651642
000442 0.994862 920.617310 399.527954 955.072632 433.145630
001315 0.981630 965.899231 121.167961 981.892517 136.892548
002548 0.997258 1590.962524 293.633179 1622.693481 330.429077
000753 0.981127 310.400604 324.727478 322.281830 335.196167
001655 0.986742 939.974182 266.210754 968.502869 294.303040
000742 0.990818 690.371765 358.034515 713.646912 373.804474
002228 0.899192 954.492859 395.863586 971.729065 412.221741
002048 0.988557 1535.310303 403.030121 1588.503174 435.304352
002475 0.998440 1332.153564 278.068634 1382.249512 321.878632
002480 0.983671 781.902893 447.471863 799.439392 463.230408
001073 0.989485 506.671448 242.261749 528.941223 261.968750
001668 0.979516 857.919800 98.787781 896.898560 134.251617
002036 0.978996 349.023254 28.783461 395.618103 61.061615
002467 0.989097 211.417984 212.909805 259.884033 244.577621
002552 0.990067 983.152466 57.751221 1027.237183 92.204330
001719 0.959642 1087.402466 879.899109 1100.941772 889.744080
002687 0.986928 826.478516 334.247253 859.783081 368.085510
000624 0.956051 537.604492 462.783478 551.074341 475.847198
000641 0.858578 874.128601 664.970276 888.315735 675.053650
002474 0.968196 567.541016 349.862579 581.895996 362.577484
000733 0.988931 586.698669 658.899658 605.658264 673.651245
000434 0.925987 623.232788 667.206726 641.714966 681.707703
000989 0.957875 812.451172 424.051941 828.625854 438.226074
000860 0.976383 782.602661 110.896561 825.475098 146.420441
002056 0.988274 478.759125 634.449341 499.598846 649.415283
001063 0.986565 1511.071777 340.865112 1541.887207 367.395630
001953 0.986290 1266.396362 458.109436 1283.237183 472.656067
002034 0.936991 629.799805 385.203033 642.519531 395.888580
001659 0.931266 999.229980 496.121918 1014.647583 508.007965
001656 0.994266 824.086609 461.249664 852.273376 489.410431
001827 0.983521 1034.421753 323.651886 1071.563843 358.157745
000740 0.746974 378.299469 355.650146 393.334381 367.101746
001572 0.988322 1191.435669 206.569656 1238.660522 249.172501
002463 0.982899 594.885376 543.082642 610.449585 555.755615
001647 0.995825 334.025146 224.452774 363.166870 246.947128
001828 0.646433 970.331177 72.626694 986.430054 89.431747
002042 0.989611 1113.984375 628.399719 1131.350586 645.427185
001833 0.963698 943.080627 210.511292 995.094421 246.914398
000530 0.982030 896.262329 37.520203 914.281128 51.223747
001181 0.990122 633.520752 391.199219 652.606812 406.586243
001844 0.987925 1616.260742 157.325882 1656.455078 194.972641
000735 0.859805 1469.804321 365.582611 1517.092896 398.982880
001175 0.991102 827.015320 188.250275 873.730652 218.769745
001573 0.961914 785.620972 498.555756 798.316528 511.775055
000173 0.980716 601.421936 106.594650 647.334412 141.504318
000223 0.979198 1529.323608 333.941589 1578.452271 372.144043
002374 0.977900 1055.048950 568.150757 1068.844849 581.696777
001725 0.994612 1052.320679 351.963318 1083.661255 384.400146
002046 0.980660 494.589478 129.126923 538.858521 165.763702
000210 0.943255 662.162231 45.418205 704.708618 78.078873
000744 0.940593 735.713928 414.845490 795.656921 493.631805
002465 0.991025 1347.695190 332.413727 1365.469360 348.583282
000323 0.994936 957.583069 409.450836 995.053650 440.887177
001721 0.963572 944.575195 240.101822 959.774902 253.918472
002210 0.998694 304.451324 326.478699 354.382721 365.746643
000622 0.989182 805.627686 395.287170 852.057495 428.582825
001826 0.987794 1316.553345 591.534363 1335.615845 611.830994
001311 0.981930 1084.658813 810.445435 1102.921997 823.162598
002039 0.978496 840.415344 420.688293 898.270813 479.826477
000228 0.969732 980.142334 625.120483 993.702637 638.348877
001840 0.820909 383.590820 319.338135 397.338928 329.352966
001557 0.984012 720.583496 300.951080 737.924561 317.100250
001165 0.941212 970.621460 305.114502 984.480835 316.731506
000992 0.982314 773.099731 419.566711 790.546387 436.214539
002049 0.976555 1101.437256 482.856567 1120.348145 496.820618
002562 0.993329 1195.288574 155.533997 1239.345215 189.959686
000747 0.979164 363.236755 286.183838 380.900391 299.821350
000312 0.907680 971.602844 407.778717 988.846985 418.886810
001957 0.978936 1245.258179 450.138794 1288.470337 484.511353
000613 0.996810 947.002747 239.182861 1005.811218 287.638977
000011 0.989186 1298.385864 605.284363 1321.199829 622.334534
001831 0.992616 504.660828 648.470276 524.962219 665.252625
001067 0.997055 768.665283 379.750031 803.518311 407.885406
001246 0.880117 1324.430542 799.493896 1339.599731 817.316528
002560 0.985401 1027.462769 107.111557 1070.257446 140.018875
000848 0.998328 796.089661 219.599518 850.879333 262.931305
001460 0.965491 820.134644 596.089111 835.194946 605.757446
002226 0.876732 917.697632 432.778320 954.980835 465.545898
002224 0.953236 253.296448 262.248291 296.546143 292.161804
001823 0.953816 888.586182 359.572418 925.280273 391.905853
001247 0.991155 1201.102661 463.944824 1233.456665 496.118408
000628 0.982304 961.944641 536.256104 980.116882 555.498779
001648 0.988517 1110.470215 459.420197 1130.366699 481.747955
001560 0.980042 697.783447 456.738068 715.057739 469.474762
002476 0.980062 785.452881 489.480164 799.676636 503.836792
002553 0.960358 739.342407 49.156479 786.029419 76.997696
002556 0.986746 236.398987 14.585211 284.821350 51.820076
002376 0.973006 8.278549 861.694763 55.599606 894.012268
002370 0.948873 645.059937 120.106033 689.114502 152.023300
002702 0.938061 343.691345 642.774048 359.440186 659.516235
001162 0.998720 366.323792 282.762482 384.800659 300.386139
001464 0.936801 931.003967 359.848297 945.177795 372.483002
000302 0.820042 379.671265 333.518707 393.135742 346.024750
001221 0.940030 633.939514 561.315369 648.372009 570.627502
000870 0.973445 1298.413574 250.085358 1347.371094 296.255707
002368 0.982364 1177.910278 632.303955 1196.325806 651.492310
001237 0.899006 502.027161 368.227356 525.221497 386.964478
000981 0.957607 710.600464 653.014954 725.418457 667.545593
000987 0.751897 1326.489868 197.603912 1367.914185 233.264740
001242 0.972953 742.825073 1.564609 780.323608 27.303917
001467 0.854840 612.876587 36.648094 658.096680 67.413925
000019 0.997392 1153.148071 463.982269 1193.960815 497.779755
001312 0.992056 1414.724365 350.876526 1438.718506 369.714905
001068 0.993104 454.225677 238.494995 475.670135 256.757324
002051 0.967518 359.568481 318.180878 371.243652 327.733551
000276 0.982699 1183.516968 524.245972 1218.635132 550.823853
001962 0.817817 390.599304 262.378204 409.517761 277.882782
002388 0.984889 1006.515381 386.332275 1035.973267 409.015930
000734 0.788181 811.336914 365.790253 856.323486 396.914337
000616 0.823122 1129.284790 207.913040 1170.582397 243.165329
000631 0.992089 925.718994 297.987854 945.924561 315.242371
001983 0.850718 948.410339 313.934509 1100.287720 498.882874
001952 0.987113 390.074432 217.714172 439.985748 251.341919
000003 0.721220 480.885254 263.855133 498.672180 279.789520
000746 0.997915 876.537598 337.092651 910.902100 373.443604
001649 0.981571 470.579346 306.561005 485.428711 319.545319
000305 0.711612 447.193329 373.296753 468.640167 383.340271
002554 0.968754 901.093750 241.481384 917.100464 255.410126
000017 0.982207 597.605835 270.087006 642.112793 300.736053
001824 0.961484 811.095154 447.562195 828.545959 460.466492
002697 0.572995 1523.913696 413.842407 1558.347046 447.389343
002703 0.984873 1499.365479 112.980659 1540.930420 143.088211
001972 0.993941 1084.028564 218.052078 1123.090088 260.759399
001322 0.982142 780.678101 363.801941 795.171265 376.575195
000745 0.980697 697.946289 445.421265 715.880371 458.422180
001478 0.984862 1325.701782 917.867676 1342.519653 937.010864
000424 0.958195 625.644775 477.109894 643.321289 493.067841
001471 0.978892 636.389648 239.197861 654.064697 254.647690
002227 0.987499 1103.668091 514.680664 1122.713257 532.469849
000524 0.995925 801.427917 286.224792 834.960144 317.722107
001976 0.936140 1025.707520 563.920837 1038.917236 577.207825
000015 0.974526 646.396790 114.066788 688.655334 144.064133
001971 0.990777 988.587708 226.710510 1062.018677 293.947937
001566 0.924750 1136.256714 291.848389 1165.066528 316.314819
001310 0.831881 1326.338745 665.954895 1346.240356 685.805481
000867 0.979565 439.476959 297.546448 455.718109 311.714478
000991 0.906909 839.425232 153.439392 883.115051 184.933167
001720 0.970718 963.033813 692.237244 979.765625 707.689392
000576 0.979012 1116.637451 618.272522 1132.378174 634.466492
001159 0.964842 643.258789 120.606018 689.078247 152.900238
001644 0.992939 969.696045 292.865479 1016.811523 331.426331
000311 0.992240 1246.253784 319.644806 1280.143921 350.428375
000229 0.978453 1107.878174 442.312897 1123.223877 457.504913
000429 0.988957 353.084137 633.968750 370.815582 650.448120
002064 0.782639 952.602600 214.545975 971.231628 225.757980
001975 0.988257 739.402344 218.040924 757.044678 230.941681
001170 0.929768 1012.908875 454.305847 1029.738037 469.088440
001254 0.967250 966.133118 692.175293 982.668884 708.184937
000439 0.993158 1206.463501 153.951828 1248.079224 198.561325
002225 0.921988 941.813660 53.799911 989.036682 89.540756
000224 0.996756 984.652893 233.181381 1020.099792 266.233032
001072 0.995754 430.156219 296.736969 446.906158 311.298798
000868 0.968936 398.406403 353.384979 411.241486 364.212799
002462 0.996195 1012.201599 306.841553 1067.557983 355.102112
001949 0.994989 1150.305298 261.937347 1191.723511 296.245880
000446 0.987468 877.518555 242.396896 907.475586 272.497375
000542 0.951305 849.731750 68.845596 895.424744 103.565613
000542 0.931374 1245.799683 792.767151 1261.604370 806.285950
000552 0.993913 863.804504 105.783516 904.539734 135.911819
002038 0.988569 1081.084961 209.573227 1122.661621 245.008316
000980 0.994781 1596.246216 376.984161 1635.771606 406.169403
000022 0.928734 1048.008179 653.291321 1062.890747 666.517029
000547 0.987505 915.058044 386.761139 958.436340 419.949188
000069 0.995332 859.541931 534.746826 898.947083 565.926636
000069 0.983613 112.540237 243.190536 142.136124 263.047821
002208 0.882611 566.071777 367.199524 585.470825 384.920532
000732 0.980850 1109.016479 501.476349 1126.427124 517.368408
002479 0.985822 1179.072021 266.044647 1197.822510 282.602264
001222 0.981061 850.311462 376.323761 897.891907 404.392303
001405 0.912397 450.701080 260.925476 463.144135 270.309021
000623 0.907925 988.823120 280.996826 1103.260620 352.992249
002690 0.881082 523.036499 416.328522 538.483276 426.460541
001321 0.991676 1591.916382 400.445404 1642.332153 432.857819
001477 0.990985 428.175262 257.005280 449.133759 273.448212
002373 0.681252 510.397705 398.626343 526.113037 411.161499
002481 0.992087 884.274353 401.934052 914.520935 428.868927
000024 0.990157 736.060669 201.913254 754.588867 218.642532
001837 0.995807 1079.272949 614.444031 1124.606445 647.967834
002549 0.915869 839.622559 32.352135 881.987061 64.036011
002387 0.748792 909.766907 244.791809 963.660461 292.901123
002385 0.945532 874.145569 560.075134 888.389709 570.639343
000322 0.994469 1052.602051 289.600830 1096.901123 325.248596
001230 0.960356 676.973755 299.319397 690.805176 308.357178
002037 0.925799 1809.331177 598.905945 1826.263062 616.983582
000215 0.969862 910.559265 397.124268 926.834412 409.310059
000858 0.984563 893.930054 715.478577 910.133545 729.744568
001973 0.982348 461.452759 236.968872 483.034851 255.016968
001461 0.985963 1179.870605 789.183960 1195.609619 805.850830
002464 0.973475 878.965149 625.754333 895.131165 637.669006
000857 0.959059 668.080872 96.785034 710.226990 129.718597
000227 0.987643 1431.646973 347.439636 1480.189941 376.605713
000639 0.964750 322.155426 85.361443 367.348969 120.937706
002381 0.937289 1095.014404 162.056763 1136.412842 198.049469
001575 0.993796 874.382629 263.408203 919.142883 297.552429
002212 0.997908 638.369080 221.050461 674.962463 254.175095
002218 0.864098 915.200073 547.524170 926.894531 559.863770
000301 0.997282 904.892029 586.536682 947.744568 625.457825
002699 0.969882 703.631531 85.352005 737.770569 124.919525
000758 0.988895 491.973663 655.250671 507.190460 673.260559
000605 0.968722 526.739929 353.196808 548.597961 365.934052
002682 0.968437 866.311951 661.014038 880.530945 672.282471
002217 0.986426 386.475037 310.739105 404.034424 322.826508
000611 0.984413 1111.457520 607.786621 1129.006104 624.747192
001677 0.962718 1141.181152 621.975037 1160.200928 638.304626
000757 0.986842 1111.131592 487.428650 1128.785400 503.088928
000539 0.984944 775.155334 300.308655 791.779358 316.217041
001163 0.641039 897.052002 393.378296 912.077148 407.552917
002219 0.972278 1201.670410 197.911285 1217.203369 210.126770
000845 0.986833 350.964722 296.128754 362.363281 305.925995
000218 0.955308 549.408020 133.406754 592.559265 170.568008
002698 0.986944 906.370178 221.329559 951.725281 252.648560
001076 0.914247 844.733826 347.608246 859.196960 362.251801
001076 0.745310 1001.979553 468.204254 1013.919250 481.045685
000205 0.982592 845.855103 501.690735 862.221802 516.563904
000754 0.991255 970.402161 171.832275 1019.884705 214.178345
001559 0.978262 864.088623 141.762543 900.869873 171.715515
000859 0.981372 1021.775696 475.287781 1065.630249 513.638123
000020 0.904090 1218.487061 408.416229 1270.381836 440.433563
001674 0.992806 922.467468 224.570465 959.305481 260.150482
000642 0.992576 414.294373 75.625198 462.146118 108.800735
001977 0.919352 1200.362061 262.950195 1223.939209 282.054565
000977 0.902760 906.086182 533.194763 938.167480 551.801941
001555 0.985346 974.250610 148.021774 990.053101 163.352036
001226 0.976033 923.968689 325.514069 940.715271 338.334625
002551 0.910839 903.152039 652.083191 919.214417 663.901550
001556 0.965342 813.418335 794.556702 830.257324 805.623474
002550 0.988097 1119.975830 226.308594 1161.176025 258.835449
002477 0.988636 880.296814 270.890625 925.563049 306.638184
001666 0.987653 352.833832 281.898438 372.157990 298.385803
001563 0.986682 942.210449 470.944794 960.809448 485.803009
001676 0.990611 894.722534 130.892609 945.489990 165.871124
000615 0.723744 840.588501 205.647034 879.361694 237.191650
001070 0.997601 1448.488037 348.742035 1484.107422 378.066254
000384 0.702874 699.078857 406.246674 713.152588 416.603180
001714 0.990097 478.936493 369.832306 491.092010 379.731476
001462 0.843031 1223.376099 319.156677 1242.330688 332.973572
000751 0.976120 831.627808 125.524406 868.714966 157.411728
002369 0.992306 808.608643 376.365875 854.713013 407.580597
002055 0.935358 893.019226 207.844131 926.354553 233.644363
001179 0.992891 865.096130 545.548279 897.605042 564.888977
001166 0.985046 754.835388 252.613846 771.054626 267.447205
001470 0.930947 683.294189 604.528992 699.135254 614.315125
000014 0.995339 1217.442871 486.184265 1252.480469 515.368835
002472 0.983679 879.631775 157.287247 935.529236 199.531998
000309 0.924153 848.562195 70.644768 895.255676 102.548973
000540 0.993339 1200.799683 270.209747 1228.218872 299.061493
001178 0.983431 1080.064453 605.997864 1098.688477 622.434143
000324 0.935502 838.079834 263.052704 858.207153 282.491669
000422 0.973787 643.595825 292.373352 661.576538 310.307800
000211 0.877634 1066.425781 309.908142 1105.491943 344.888550
000612 0.992420 1549.074829 224.656738 1596.614136 266.704346
000253 0.992912 1070.140259 322.750122 1119.687134 364.536133
001817 0.861150 469.627136 292.641846 489.594604 309.565491
000001 0.997162 532.740356 592.254456 578.155762 650.707214
001316 0.980989 762.120850 164.784607 802.570190 193.890900
000546 0.991215 1029.325684 620.362244 1051.938477 637.323547
001249 0.993203 1072.226807 273.619476 1113.305176 311.636444
002559 0.988227 930.995911 439.527832 975.323669 476.092468
001225 0.995958 1145.434937 339.630493 1195.115356 379.129395
000445 0.996061 1111.593994 264.054169 1156.948486 301.797699
000438 0.991958 1026.854736 262.614471 1064.016113 293.367218
001061 0.981195 417.597565 294.879333 432.308136 306.310791
002052 0.991507 841.061768 331.618866 878.882080 365.037933
001167 0.987177 806.784668 222.444931 840.065186 251.858536
001239 0.992842 1162.653564 111.409531 1204.339844 143.116119
001947 0.967825 1329.151123 655.894836 1344.112305 675.023621
000314 0.981686 846.019531 460.949341 861.524780 474.621277
001457 0.960596 744.877319 546.075439 785.227295 578.892334
001457 0.926531 772.907166 150.594345 795.670349 170.757767
000537 0.989664 1324.424194 685.860962 1342.797241 702.355713
000609 0.996779 701.221008 81.837212 741.150818 115.699516
001838 0.978031 420.723053 310.452423 433.407074 321.109711
001458 0.989236 810.421265 353.771210 858.700562 386.726715
001308 0.907424 838.807312 371.045776 865.199768 389.802551
000088 0.992881 424.372833 287.821075 437.066559 298.392975
000730 0.912692 464.751495 387.772980 481.947418 401.560760
000988 0.971847 880.715942 478.002441 902.308838 491.148254
001646 0.938570 692.797180 88.400017 731.685730 121.417274
001954 0.987046 963.097839 222.332611 979.992249 241.963318
000633 0.976486 679.252625 291.932129 701.989075 308.849182
000748 0.983568 959.112732 488.016205 975.749084 503.912567
000141 0.993785 1849.093384 243.596069 1886.529663 274.049377
002066 0.991924 1836.807861 290.133484 1885.322021 320.806396
002372 0.997245 1121.527588 281.211365 1160.517578 315.675293
001835 0.998514 1282.736572 386.634338 1329.452393 419.540527
001978 0.996558 390.322723 257.195587 408.877289 272.288239
000630 0.967028 1575.518799 249.230743 1615.182373 288.246368
001951 0.958878 949.764343 439.545349 979.679382 467.144897
001731 0.960034 1076.546997 449.660065 1094.910522 465.530731
001969 0.991922 1114.039429 246.927048 1155.130249 279.669006
000851 0.993468 1089.716309 190.207230 1133.445801 221.270889
001652 0.981835 682.446655 352.206116 697.186401 364.286499
001660 0.995991 759.303223 317.359650 799.676514 350.723541
001251 0.980253 366.638092 299.718475 383.967560 314.586334
001235 0.992563 662.162048 316.647125 709.566833 356.337677
000214 0.991289 390.999329 322.576202 405.011414 335.062958
001956 0.990970 1321.849487 676.008057 1341.169067 694.773926
000635 0.989097 890.239624 466.544281 908.057617 481.211517
001320 0.863969 797.978638 88.283157 841.955933 122.646591
002371 0.974101 1259.783081 85.697777 1308.214478 119.046364
002382 0.965109 1000.025635 422.979858 1013.693237 433.325012
002696 0.978351 823.947815 247.386917 852.170593 271.789398
001963 0.981984 1114.165405 674.495361 1129.617798 690.919189
000545 0.891986 856.871216 197.322464 897.451416 233.124161
000516 0.991929 360.363373 650.840271 379.463776 667.311340
000423 0.998731 1004.437561 405.674744 1046.676270 443.279114
000318 0.987459 249.813644 8.861017 293.054199 44.139412
001843 0.968248 955.058594 520.112793 972.833984 538.174805
000736 0.990149 1095.962524 497.831665 1126.478394 521.979858
001327 0.975470 956.194519 568.533997 977.375427 586.144958
001650 0.812635 956.509888 219.255127 1096.258667 373.585022
000849 0.984610 608.211121 313.089752 629.364807 326.373199
000979 0.985338 489.943542 222.374557 512.660889 240.239548
001654 0.990529 685.443237 658.622437 706.018066 676.039551
002685 0.996018 1107.648438 343.392334 1143.607910 378.190063
000759 0.989024 1089.920776 312.703247 1133.223267 347.925903
002689 0.806897 904.674194 669.706055 924.347412 685.791504
001324 0.998724 349.564850 347.821564 390.058807 379.916656
000541 0.991852 253.388901 80.806229 299.410461 113.510254
001236 0.987453 1027.019409 573.829041 1047.415161 589.946594
001236 0.530627 1.000000 111.943291 18.278122 153.985565
002565 0.976469 866.004639 230.784332 902.254272 262.261169
000739 0.976744 676.223877 159.166061 721.153076 191.940628
000306 0.939630 598.251343 384.497284 611.498413 395.169586
001233 0.986617 420.669678 257.325836 438.907654 271.857330
000048 0.946162 943.752319 628.459412 958.974365 637.474792
000351 0.979057 1059.148682 447.170502 1073.080322 458.802582
000316 0.995795 368.324036 252.996628 386.105652 266.022186
002045 0.930184 686.351807 95.036674 729.406250 131.990189
001841 0.800382 673.590332 290.656769 693.538940 307.663483
001970 0.920662 1169.668091 499.947327 1186.436401 510.690430
001169 0.965561 893.692078 296.435364 923.750305 321.623779
000983 0.972163 1321.603027 778.044495 1340.548096 795.684143
002384 0.770195 1097.650879 763.522461 1109.396973 774.006348
002057 0.996825 1310.160645 496.592590 1343.564941 525.276428
000614 0.960681 785.558655 596.838196 802.462097 607.546570
001729 0.989728 854.895081 376.844238 906.185608 405.326843
000852 0.990089 927.463989 294.462494 977.142578 338.685577
000317 0.985377 862.049377 162.057953 911.664246 190.238831
001558 0.954980 727.197205 557.314209 750.018982 574.577026
000006 0.973691 1250.998901 455.764709 1268.566528 470.455994
001732 0.994769 774.936768 693.118652 814.167969 726.023682
000220 0.986446 462.598328 433.541931 483.806091 447.792542
001829 0.988850 1323.323120 702.864258 1341.358032 721.611084
000627 0.933690 332.723785 330.260376 344.719940 340.322021
002375 0.981660 1329.637939 652.304382 1345.477051 673.787659
002379 0.746096 562.041443 419.587158 581.194885 434.844299
002054 0.798029 832.778748 453.361511 850.546326 468.927795
002686 0.963733 731.318237 291.746277 749.846436 308.936829
000225 0.994450 1126.783936 375.089813 1161.765869 403.921600
002043 0.989795 1454.489746 68.243973 1491.930176 104.569794
001981 0.996425 967.173096 479.385712 1002.171997 513.676453
000668 0.964928 1015.236877 262.543610 1033.848633 275.299774
002377 0.952051 840.072449 222.548767 878.638977 255.384369
001183 0.915713 564.977173 628.380920 578.572144 638.486267
000298 0.994852 915.585938 220.754395 960.270020 258.680023
001075 0.996051 786.381836 455.816711 811.164185 486.163025
001839 0.793019 24.002850 311.725159 78.552292 342.618164
001663 0.977323 887.392639 392.359344 904.029114 404.850372
001554 0.954204 878.003052 453.574646 898.327026 470.301025
000752 0.967162 838.384521 354.173462 853.591797 366.392456
002223 0.993165 1111.029175 219.182800 1152.998901 261.362152
001716 0.957945 426.489349 241.523407 437.721954 251.072174
000299 0.990742 911.519775 237.197556 950.687378 281.833191
001948 0.980774 482.793915 648.393982 500.151154 661.114685
000621 0.987521 1283.602417 301.844238 1322.452515 335.433105
000521 0.997207 779.945190 328.926971 813.086304 360.631256
000607 0.977612 813.001831 431.635742 831.138672 446.142029
002386 0.983728 545.729797 285.431580 564.383972 300.175598
001253 0.976478 967.317261 382.577362 1013.135010 427.826996
000204 0.965944 667.382568 797.576477 685.288696 806.878601
002471 0.974365 1108.612305 537.527405 1123.750488 553.699768
001240 0.935495 4.127392 907.208618 54.473618 943.758179
001052 0.981678 1113.244141 540.657410 1129.729248 558.333191
000640 0.994934 815.410461 408.052399 856.571106 438.944366
001474 0.965359 1184.424805 446.461304 1201.404297 464.500427
001065 0.786996 953.242981 735.247498 971.127136 752.196106
000433 0.756386 1298.832886 35.761326 1339.793335 70.495621
001055 0.997551 886.664062 453.256805 937.061768 501.308014
002704 0.976747 908.290527 456.659271 926.133545 473.308014
001238 0.974254 925.662537 471.091705 940.364197 483.666351
000013 0.879914 858.456055 530.599426 875.867432 544.196838
000626 0.993911 1081.031006 171.435379 1131.277588 206.281418
001673 0.963266 900.756714 172.637329 940.212402 210.255768
002058 0.981518 821.286316 368.483704 836.565491 379.094604
002211 0.997177 272.860321 219.931915 294.940582 236.618042
001174 0.989524 977.023926 595.505920 997.085327 614.244446
001665 0.998809 1184.177612 261.234406 1232.605835 302.403595
000522 0.973491 970.582886 305.036285 1021.484985 350.916229
000203 0.985419 1109.238403 490.668396 1125.553101 507.479492
001723 0.942484 846.239136 324.271179 861.460815 337.776062
000436 0.979409 1093.769653 251.722092 1127.842651 281.824768
001182 0.991174 606.959839 442.742218 643.839722 475.802460
001669 0.988210 414.502533 279.843140 432.837372 294.510559
001974 0.985840 1024.795654 523.321106 1040.724854 536.911560
000421 0.863349 892.431396 126.863983 911.475464 142.658020
000008 0.984247 1178.411377 549.109558 1196.041504 568.362854
000430 0.975544 1156.093628 122.126266 1202.863647 157.304367
002545 0.987667 704.960083 104.391792 748.986816 137.481339
001724 0.984993 1484.256592 765.584717 1503.164551 780.946411
001984 0.994512 1302.966675 69.490463 1345.288208 108.999207
000297 0.905167 1322.965454 717.117004 1340.200317 738.532166
002469 0.905072 986.090637 921.744446 1008.751038 945.781433
001456 0.989321 638.285828 436.893219 655.875305 452.065887
001160 0.987721 224.744873 633.810791 244.667267 648.935181
002466 0.963166 1377.619629 365.819672 1416.850830 397.896637
000426 0.974159 1432.562134 368.230103 1468.161743 400.979614
000866 0.680049 1.000000 136.490921 20.803024 170.516739
000866 0.530276 912.806702 12.695885 1019.972961 111.510796
001325 0.970721 1229.340942 258.177032 1277.509888 297.516022
001234 0.993822 936.325562 188.698090 973.070923 220.560944
000632 0.993492 1125.788696 558.050598 1157.672974 586.147400
000217 0.986804 979.076660 135.647354 993.860107 154.255112
000637 0.984038 870.463013 88.004410 909.869873 120.996445
001822 0.968028 723.591980 476.446808 800.056335 525.437683
000629 0.970826 784.161865 542.216187 800.033569 554.399292
000517 0.992604 1095.380371 221.582733 1135.259521 252.340057
002060 0.968945 620.149292 162.513855 660.978638 191.873657
000844 0.922070 976.096008 99.888100 992.317810 114.623482
001571 0.986409 558.441101 326.065582 583.140076 343.110809
002059 0.995224 1048.231445 421.510803 1096.595459 461.473877
001171 0.887901 963.547852 774.668701 978.252441 789.849243
002470 0.982026 794.892517 395.587585 813.929749 406.962891
001466 0.975041 780.503296 172.409622 833.275879 204.722397
001060 0.815413 851.683105 35.305023 895.156616 69.955269
001661 0.983864 250.004868 48.294884 294.445618 79.298759
002478 0.985406 702.002258 361.271332 724.762634 376.424042
000529 0.969196 414.277466 286.685608 433.472595 303.151611
000617 0.981846 552.518005 302.748413 571.861023 320.028503
001250 0.990185 1347.016846 598.567383 1367.877197 615.493286
000620 0.981122 622.776428 457.968414 640.544739 473.248138
001964 0.997552 1210.733032 180.486176 1261.894409 225.642120
001314 0.995516 392.415283 223.866760 415.355347 242.410217
001248 0.998935 1432.696289 333.324707 1473.437500 369.640259
001243 0.981896 548.290527 352.456299 594.463135 385.494446
002117 0.995709 1092.411743 58.369305 1152.148804 106.392075
001328 0.983564 889.036011 412.075653 903.627197 426.853973
001574 0.994050 760.340881 340.172485 794.116272 373.449951
001473 0.788269 1047.575928 504.649506 1063.991455 515.471375
000526 0.991501 347.444855 306.297028 361.786835 318.808197
000016 0.996864 411.980438 226.269028 434.434601 244.225876
000534 0.984390 960.013550 485.600647 977.844971 501.248718
000842 0.996038 958.088745 269.905334 1003.767334 304.287476
001252 0.967906 475.301514 267.201538 491.466797 282.660461
000985 0.995684 404.884613 269.524506 422.438385 283.893341
001733 0.993033 760.138489 349.289551 793.386414 380.560303
000743 0.982069 974.542786 226.497330 990.415344 242.635178
001960 0.996564 977.112610 675.523376 1012.601379 706.791931
001980 0.983897 411.126282 230.260834 423.328308 240.857422
000319 0.991059 827.920898 303.478699 859.109375 329.232971
001670 0.915405 513.692444 741.442627 565.749817 781.130981
002695 0.928225 807.820496 488.806244 949.813293 563.151306
002691 0.990310 1080.230957 574.969971 1102.148193 592.879150
002684 0.906194 880.821411 638.495239 898.272095 656.040527
000427 0.888301 412.396240 250.037033 468.363342 285.134552
001244 0.979974 876.139893 537.622009 891.977173 552.230774
000760 0.996137 771.838074 554.363342 882.785461 596.010803
000760 0.713609 1562.586060 843.492859 1576.060669 857.651794
000514 0.940007 819.518860 136.195038 857.186462 181.745056
000206 0.906215 614.446167 659.410095 629.165649 668.981262
000321 0.990211 749.549377 221.387985 768.159973 235.797379
000007 0.955559 1321.838623 695.570129 1340.221924 714.938538
000533 0.992444 649.405396 433.335876 670.415894 453.079468
001842 0.828337 789.348145 463.113495 983.900269 554.148987
000313 0.960667 888.476868 620.350830 902.556091 632.227905
002047 0.972114 791.692017 655.606934 807.733521 666.771973
001168 0.949417 890.640137 148.059433 942.324829 187.789169
000435 0.959198 880.331177 504.999847 895.375977 518.242249
001966 0.998495 1104.746094 402.133942 1145.888428 438.107574
001164 0.981372 1543.672363 784.117371 1562.877930 796.462585
000444 0.993356 837.664307 425.345520 871.056641 458.839111
000209 0.996464 789.982971 355.192169 824.086487 386.497162
002482 0.998263 1374.746582 339.827209 1411.952637 371.627747
001184 0.998204 707.263000 352.546204 748.901672 387.949951
001172 0.996183 1366.565796 266.292908 1407.328247 301.603455
000869 0.930410 1210.923462 418.666473 1249.374146 450.773163
002214 0.897887 712.511292 666.939026 735.221375 680.912659
001641 0.980047 719.330994 473.690063 734.277771 487.514771
000307 0.982619 875.687195 51.569176 918.783142 85.414360
000729 0.958692 1116.042236 583.086609 1133.373779 601.638977
000523 0.954068 1148.725586 158.974014 1181.206543 188.439499
001054 0.977955 822.613953 393.899445 837.654358 407.733246
000543 0.983334 539.549255 434.992920 556.412781 449.572083
000308 0.981516 856.041992 135.663025 895.603271 171.947174
001718 0.964884 896.174927 580.773865 974.127441 667.954773
000325 0.986546 864.084045 410.884308 906.692810 460.856598
002050 0.991152 160.748718 231.411194 203.955750 265.030884
002563 0.981856 1316.934204 644.108215 1334.883667 664.799011
002563 0.615087 1.000000 110.614456 19.038519 156.764175
001643 0.996252 452.069244 246.833176 473.118134 262.368958
001223 0.995393 817.632385 273.603394 852.211487 312.461914
002705 0.937758 909.639954 232.055801 928.218689 252.093460
000700 0.644621 844.061523 177.366104 891.511230 212.622696
001074 0.998637 669.577515 284.531555 717.587158 327.664185
001958 0.998145 817.912537 506.131958 870.748230 538.836426
001845 0.993604 746.186523 378.455292 772.206177 406.411774
001317 0.988237 920.849854 564.224976 941.547241 581.854248
001224 0.772089 638.950989 95.694962 688.983704 127.222931
000520 0.710304 1403.636475 94.906204 1448.806641 127.774841
002220 0.998776 1216.728394 386.129303 1261.055298 424.982269
000618 0.983002 741.645081 134.359650 780.468445 166.711151
000519 0.995897 390.663208 223.789078 413.349426 241.674484
001319 0.980067 1112.905029 690.100952 1129.875732 707.665405
002692 0.849105 955.161743 239.035965 969.836548 251.565781
002692 0.504665 1.000000 177.365448 10.182200 193.443390
000994 0.888666 420.426392 201.305908 448.539551 224.800079
001066 0.988138 299.816864 342.154602 311.362579 351.930908
000525 0.998891 1271.161743 430.601593 1309.149780 463.412506
002468 0.966354 435.785278 101.984070 482.391724 135.645538
000535 0.986619 1118.236694 437.904175 1133.684692 458.487671
000755 0.982760 1259.072876 486.834106 1275.062378 501.126587
002068 0.945966 844.447021 407.676239 875.473755 435.146698
001968 0.957026 789.715271 560.914856 806.740784 580.150085
000728 0.974946 1100.794678 823.355042 1119.507568 836.832336
000856 0.972842 735.186829 433.368073 747.446960 444.726837
001836 0.957053 887.862671 249.817429 946.633057 296.552704
002035 0.987928 1393.934326 621.507568 1412.170898 639.738037
002215 0.973974 235.004990 326.671417 250.498001 337.501862
002207 0.916704 938.000000 186.224960 979.439453 220.288467
000538 0.984485 1113.716919 473.550018 1132.708618 491.045746
000610 0.966627 823.368774 257.252289 868.934326 291.919708
002209 0.995217 463.604248 251.903961 484.532349 267.909821
000634 0.983648 908.412048 438.037384 924.922791 455.840790
000865 0.915836 1227.654419 405.543060 1279.587524 438.448273
001651 0.995476 1045.591675 130.538361 1101.630737 181.439636
001323 0.974727 1264.229980 401.305511 1281.815918 415.345184
000025 0.990730 676.169739 355.879333 698.591370 372.174133
000871 0.692232 807.107239 418.509552 860.076111 452.200165
002561 0.821796 1226.849731 404.705719 1278.349976 437.397308
001570 0.991810 397.279968 250.245514 415.103760 263.667175
000219 0.948618 878.513123 518.974976 892.414124 531.437256
000300 0.976602 983.072388 413.204315 1011.543335 435.183075
002701 0.833065 1120.906372 216.723404 1193.462524 284.016418
002683 0.984674 964.127991 53.777229 1004.168884 87.040916
001313 0.966689 1069.424072 475.755554 1082.227295 487.261353
000440 0.988474 581.549988 442.488586 599.853088 459.138855
001309 0.991257 1361.534302 174.470566 1386.999390 202.437119
001158 0.986832 1086.416992 74.384277 1130.126709 105.003372
000425 0.976260 574.129639 210.086334 594.876587 230.727600
000840 0.985476 477.830597 293.060760 496.573761 308.125397
002062 0.984030 851.490967 237.866974 888.892944 275.085297
000750 0.995966 770.385254 641.335144 834.361450 678.556458
000995 0.974735 1188.475464 416.858978 1221.583130 443.243256
001468 0.984484 971.673279 148.790039 988.048767 164.955444
001565 0.997714 1197.354370 257.993256 1243.984009 294.880768
