000760 0.899 1559.9 839.8 1579.0 858.1
000760 0.889 776.7 544.1 864.2 589.9
001405 0.707 449.3 257.9 465.0 271.4
002117 0.972 1093.0 50.7 1151.4 104.4
000001 0.831 535.7 598.9 576.6 648.3
000002 0.944 891.4 365.1 947.9 413.2
000003 0.955 480.2 261.8 499.7 278.3
000004 0.845 964.3 553.1 977.0 562.7
000005 0.959 987.2 571.3 1006.7 587.6
000006 0.958 1252.0 454.0 1266.7 468.2
000007 0.954 1321.3 694.0 1338.7 712.1
000008 0.952 1178.0 549.8 1193.9 565.9
000009 0.940 1327.8 820.1 1342.2 836.7
000010 0.976 921.7 83.7 954.1 112.3
000011 0.928 1300.1 604.3 1321.1 621.8
000012 0.876 534.8 372.2 549.4 382.8
000012 0.807 833.0 336.8 845.5 347.8
000013 0.958 857.4 530.6 872.7 542.7
000014 0.983 1217.2 484.6 1256.0 514.8
000015 0.967 647.9 114.0 688.0 142.0
000016 0.897 412.3 224.4 433.6 242.9
000017 0.916 598.1 266.9 643.7 300.5
000018 0.987 1071.7 367.3 1106.6 398.3
000019 0.987 1150.4 462.5 1192.5 496.9
000020 0.936 1222.1 406.7 1271.0 441.1
000021 0.935 482.5 328.3 501.2 339.8
000022 0.866 1049.6 653.5 1062.4 663.6
000023 0.918 1238.7 418.0 1285.4 452.2
000024 0.981 736.8 201.6 753.3 216.3
001308 0.941 839.0 366.9 864.7 389.8
001309 0.937 1360.4 174.7 1388.9 198.7
001310 0.957 1327.9 665.9 1342.8 683.6
001311 0.946 1087.1 810.2 1102.3 821.6
001312 0.854 1415.7 350.2 1437.8 367.4
001313 0.692 1070.8 475.8 1081.7 484.5
001314 0.902 392.4 222.3 414.7 240.6
001315 0.948 966.6 120.5 980.3 133.8
001316 0.953 762.2 161.4 804.6 193.1
001317 0.971 921.7 563.9 939.5 578.4
001318 0.922 913.7 338.3 942.8 363.3
001319 0.970 1113.3 691.0 1128.0 705.3
001320 0.967 803.0 90.4 837.7 117.0
001321 0.873 1596.1 397.0 1643.8 434.0
001322 0.704 780.7 364.3 793.6 373.3
001323 0.947 1264.6 400.4 1281.2 413.2
001324 0.984 352.6 344.2 388.2 378.0
001325 0.929 1230.7 258.0 1277.9 293.9
001326 0.951 1089.6 208.8 1107.1 222.5
001327 0.979 956.4 568.5 971.4 582.2
001328 0.957 889.2 411.8 903.8 424.7
002034 0.831 629.7 384.3 641.9 394.1
002035 0.966 1393.5 621.8 1411.5 637.3
002036 0.966 351.6 28.3 393.6 59.0
002037 0.936 1808.7 598.8 1830.0 616.3
002038 0.975 1084.6 211.5 1120.1 240.0
002039 0.969 838.5 413.2 897.5 472.7
002040 0.956 382.7 294.3 401.2 309.7
002041 0.929 868.9 603.9 883.5 614.0
002042 0.973 1115.7 629.2 1130.8 643.5
002043 0.978 1456.8 67.8 1490.8 99.2
002044 0.942 1000.7 290.0 1019.5 303.2
002045 0.955 688.5 96.5 730.6 126.4
002046 0.973 499.8 131.3 536.9 160.2
002047 0.802 793.4 654.7 806.6 665.1
002048 0.860 1538.3 399.2 1586.7 435.6
002049 0.904 1103.8 483.0 1118.2 493.5
002050 0.875 158.8 229.8 205.8 264.2
002051 0.856 357.8 316.4 372.9 328.3
002052 0.979 838.1 328.6 879.9 363.5
002053 0.952 1309.3 662.8 1328.2 679.6
002054 0.959 834.9 451.7 848.5 465.1
002055 0.981 893.2 203.7 926.8 233.9
002056 0.969 481.5 634.5 495.1 646.0
002057 0.990 1309.7 495.8 1344.6 524.1
002058 0.748 821.8 368.3 835.1 377.4
002059 0.926 1046.3 421.3 1095.9 459.7
002060 0.972 619.9 159.8 660.8 190.0
002061 0.980 829.5 398.8 871.6 434.2
002062 0.900 844.7 232.0 890.9 276.7
002063 0.945 704.8 34.2 745.9 66.7
002064 0.934 952.7 212.5 968.4 224.2
002065 0.887 743.7 217.3 758.3 228.9
002066 0.922 1838.8 286.4 1886.7 320.2
002067 0.926 442.4 297.6 451.7 305.9
002068 0.969 839.3 402.1 880.5 439.9
000728 0.648 1103.0 824.7 1114.8 833.3
000729 0.961 1117.0 585.3 1131.4 600.3
000730 0.946 465.0 387.9 479.6 399.5
000731 0.911 1253.5 431.5 1270.0 443.1
000732 0.973 1109.7 501.7 1125.1 514.9
000733 0.955 586.8 659.0 601.2 671.2
000734 0.930 810.6 361.1 856.8 396.7
000735 0.952 1473.6 363.2 1517.3 397.1
000736 0.971 1091.5 493.2 1130.2 523.7
000737 0.965 836.3 188.5 877.8 220.9
000738 0.957 970.4 296.6 987.8 309.0
000739 0.972 677.2 158.7 719.4 188.8
000740 0.932 376.7 353.5 394.1 367.9
000741 0.952 1430.0 71.7 1475.2 113.7
000742 0.936 691.2 357.5 711.6 371.1
000743 0.937 973.8 226.4 988.6 242.2
000744 0.971 729.6 406.9 802.2 484.1
000745 0.966 697.6 444.0 712.0 456.2
000746 0.978 875.4 340.9 909.2 369.9
000747 0.966 362.4 284.2 378.1 297.7
000748 0.974 958.4 486.3 973.5 499.7
000749 0.946 1637.9 387.0 1680.2 418.0
000750 0.938 766.3 637.2 836.2 673.8
000751 0.952 828.9 123.9 870.2 156.9
000752 0.851 839.6 354.5 852.8 364.7
000753 0.893 311.3 324.6 322.1 333.5
000754 0.976 965.2 164.5 1023.8 213.0
000755 0.958 1258.3 486.9 1275.7 499.5
000756 0.901 501.0 340.9 542.5 370.7
000757 0.969 1111.7 486.0 1127.0 500.0
000758 0.947 491.5 656.3 504.5 670.0
000759 0.980 1092.5 313.8 1130.3 343.6
002545 0.956 707.4 104.8 745.8 131.6
002546 0.960 1529.7 322.3 1563.9 349.5
002547 0.944 257.2 73.0 298.5 104.6
002548 0.936 1590.8 297.7 1621.9 323.9
002549 0.975 842.5 32.3 881.9 61.7
002550 0.984 1119.8 225.9 1164.5 259.1
002551 0.917 903.6 652.1 917.0 662.0
002552 0.932 984.2 56.3 1025.7 89.7
002553 0.936 741.8 46.0 785.1 77.9
002554 0.941 900.2 240.2 918.0 253.4
002555 0.954 1239.2 110.0 1295.3 159.6
002556 0.982 241.4 17.5 279.3 45.6
002557 0.974 491.1 315.0 506.0 329.4
002558 0.868 967.8 511.7 981.2 521.5
002559 0.901 925.0 431.1 979.2 477.1
002560 0.982 1030.0 107.3 1070.3 137.9
002561 0.938 1228.0 404.5 1276.1 437.7
002562 0.977 1197.7 155.1 1238.9 187.6
002563 0.938 1315.2 643.9 1332.4 662.2
002564 0.950 491.4 378.2 506.5 393.4
002565 0.940 863.5 229.0 904.8 261.8
000025 0.927 677.0 354.8 697.6 369.6
000048 0.840 944.5 627.3 957.9 637.1
000069 0.956 858.3 533.4 897.6 563.1
000069 0.910 111.0 237.5 143.9 260.9
000088 0.909 423.7 285.1 437.5 297.4
000115 0.957 835.4 344.8 880.3 379.4
000141 0.959 1850.1 244.1 1883.9 270.3
000173 0.965 605.5 107.2 643.9 136.8
000203 0.964 1110.3 491.5 1124.2 503.6
000229 0.975 1108.2 442.7 1122.2 454.5
000253 0.938 1072.0 325.7 1121.1 362.6
000276 0.973 1181.2 519.8 1222.4 551.8
000297 0.953 1323.2 718.9 1338.6 735.9
000326 0.965 541.8 102.5 579.9 129.8
000351 0.875 1057.8 446.2 1073.0 457.4
000384 0.950 699.2 404.6 713.2 416.5
000419 0.979 690.9 556.2 708.1 571.0
000447 0.970 945.6 256.7 964.6 271.1
000479 0.969 522.6 438.4 541.0 453.6
000514 0.959 823.5 144.9 853.7 172.3
000552 0.964 866.4 106.2 900.9 131.2
000576 0.975 1117.2 620.4 1131.0 631.6
000604 0.952 652.1 711.6 694.1 739.5
000642 0.935 418.5 74.1 459.4 105.4
000668 0.866 1016.2 262.5 1033.6 273.4
000700 0.922 842.6 176.0 888.3 212.0
000727 0.969 1216.1 634.4 1233.5 649.8
001641 0.928 719.4 473.5 732.9 485.5
001642 0.942 528.3 326.0 549.0 342.4
001643 0.926 451.9 243.1 472.9 264.6
001644 0.944 971.3 291.1 1019.4 331.8
001645 0.933 1501.3 70.5 1547.3 110.8
001646 0.975 694.1 89.4 731.9 118.8
001647 0.908 336.0 223.4 361.6 245.0
001648 0.944 1111.5 460.3 1126.4 477.7
001649 0.934 469.5 304.6 487.1 320.1
001650 0.880 954.9 156.4 1102.1 407.3
001650 0.547 1006.4 261.3 1089.8 339.4
001651 0.925 1047.7 132.3 1098.7 175.7
001652 0.791 682.6 352.5 695.9 361.9
001653 0.971 811.4 44.4 850.7 73.0
001654 0.980 686.3 658.7 700.8 671.8
001655 0.887 940.7 267.3 968.3 290.7
001656 0.961 821.9 461.0 852.5 488.1
001657 0.943 381.2 269.7 407.0 291.2
001658 0.987 1002.6 453.4 1090.6 516.4
001658 0.745 1829.8 723.4 1840.7 734.9
001659 0.929 999.0 495.4 1014.7 506.6
001660 0.975 758.1 314.2 798.7 348.8
001661 0.962 253.2 46.0 294.5 77.5
001662 0.878 1172.7 292.5 1193.7 311.0
001663 0.960 887.6 391.0 901.6 403.1
001664 0.914 441.4 277.3 464.3 296.0
001665 0.927 1182.7 255.9 1232.0 301.4
001666 0.947 353.5 281.1 367.9 293.6
001667 0.863 1068.2 460.4 1082.6 470.7
001668 0.964 858.5 98.9 894.9 128.6
001669 0.979 415.2 279.3 430.6 291.3
001670 0.904 516.5 742.6 564.6 777.9
001671 0.905 403.3 223.6 424.7 242.7
001672 0.931 517.7 257.3 538.3 273.2
001673 0.983 901.0 173.9 938.2 206.3
001674 0.981 924.8 226.9 955.6 253.8
001675 0.966 529.0 293.8 543.0 305.4
001676 0.966 901.3 130.1 942.2 163.1
001677 0.965 1141.6 622.0 1159.4 637.1
001678 0.951 1037.2 686.9 1053.8 699.3
000420 0.890 1433.5 174.3 1478.8 216.5
000421 0.975 893.1 126.2 909.7 140.1
000422 0.963 643.4 293.1 659.5 306.7
000423 0.975 1002.6 403.9 1045.1 441.8
000424 0.972 625.4 476.1 642.7 492.0
000425 0.958 569.3 204.8 598.6 231.0
000426 0.867 1436.2 373.0 1464.2 394.9
000427 0.937 421.8 252.2 459.1 277.4
000428 0.976 800.1 14.9 837.4 41.9
000429 0.935 353.4 633.9 367.9 647.5
000430 0.964 1162.0 123.3 1200.1 151.3
000431 0.949 848.0 58.8 891.1 90.4
000432 0.970 810.3 115.1 848.0 142.8
000433 0.894 1295.7 34.5 1341.8 72.3
000434 0.958 623.4 666.9 637.7 679.2
000435 0.918 880.4 504.9 896.5 516.5
000435 0.521 297.5 523.1 307.7 532.8
000436 0.971 1091.8 250.5 1128.5 280.8
000437 0.985 831.7 238.7 871.9 273.5
000438 0.932 1023.0 257.5 1069.4 293.0
000439 0.953 1209.7 160.3 1244.6 186.6
000440 0.964 581.8 441.7 598.2 455.7
000441 0.957 1224.3 406.0 1238.3 416.4
000442 0.956 919.0 397.9 956.2 432.8
000443 0.978 817.5 379.8 834.2 393.2
000444 0.975 836.4 424.1 870.3 455.3
000445 0.971 1113.5 264.8 1156.8 298.7
000446 0.952 877.4 243.0 907.7 272.3
000977 0.971 902.0 528.6 942.8 553.8
000978 0.945 722.3 110.6 767.0 142.5
000979 0.822 485.9 219.8 514.7 241.7
000980 0.965 1598.8 376.2 1633.9 404.7
000981 0.952 709.2 652.1 725.3 665.7
000982 0.949 871.1 422.8 887.0 434.6
000982 0.569 20.7 451.2 32.5 459.8
000983 0.974 1322.4 776.1 1338.1 793.5
000984 0.968 897.3 500.7 935.3 524.4
000985 0.925 403.0 266.5 426.0 285.5
000986 0.959 480.9 657.8 497.6 671.0
000987 0.963 1324.6 194.0 1367.7 233.3
000988 0.857 876.0 473.3 906.1 494.1
000989 0.946 811.2 423.4 829.4 436.3
000989 0.543 862.0 631.8 880.9 650.2
000990 0.970 954.6 680.9 969.0 693.2
000991 0.975 842.1 153.4 882.0 183.1
000992 0.972 773.7 419.9 787.3 433.1
000993 0.990 795.3 228.5 830.8 260.0
000994 0.936 421.0 200.9 445.5 223.1
000995 0.981 1185.7 412.2 1224.2 444.1
002368 0.965 1178.8 631.9 1193.4 646.8
002369 0.894 806.6 373.4 855.8 408.6
002370 0.941 645.3 119.2 689.6 150.8
002371 0.976 1266.2 86.2 1305.5 114.8
002372 0.867 1118.9 275.8 1163.4 316.8
002373 0.929 511.6 398.7 526.0 409.9
002374 0.802 1055.1 568.8 1067.4 579.3
002375 0.960 1330.0 653.4 1345.4 670.5
002376 0.835 3.9 858.1 54.7 895.7
002377 0.972 840.2 222.6 880.6 252.4
002378 0.932 1148.9 216.3 1197.8 260.6
002379 0.966 562.1 418.4 578.4 433.5
002380 0.978 747.6 164.6 781.4 194.9
002380 0.931 769.2 486.1 853.0 527.4
002381 0.983 1100.4 164.1 1132.2 191.3
002382 0.843 1000.2 421.5 1013.3 432.3
002383 0.969 1395.5 667.8 1410.4 680.8
002384 0.836 1097.6 763.1 1109.5 773.2
002385 0.895 873.6 558.8 888.5 569.8
002386 0.959 547.8 285.6 562.9 297.4
002387 0.967 905.1 241.6 964.2 291.4
002388 0.968 1002.6 380.4 1040.4 411.3
001817 0.954 470.7 293.3 487.0 305.2
001818 0.939 888.2 251.5 914.5 277.0
001819 0.955 1801.7 126.2 1842.9 158.0
001820 0.948 1378.0 722.9 1407.1 748.5
001821 0.979 967.9 64.8 981.3 77.6
001822 0.951 707.6 471.1 801.8 518.3
001823 0.981 887.9 360.7 920.7 390.8
001824 0.933 811.2 446.9 827.5 458.7
001825 0.799 1014.7 662.5 1028.3 674.0
001826 0.951 1315.5 591.2 1333.8 608.4
001827 0.938 1031.9 320.0 1073.5 359.6
001828 0.968 969.6 72.9 985.2 87.5
001829 0.951 1324.2 703.0 1339.1 719.2
001830 0.954 1078.4 174.3 1121.8 209.4
001831 0.954 505.7 649.3 520.8 662.1
001832 0.951 1029.7 343.7 1076.7 381.3
001833 0.961 949.0 210.8 989.6 242.2
001834 0.913 825.8 189.5 871.9 223.7
001835 0.940 1281.4 382.7 1329.8 419.2
001836 0.986 883.4 245.8 946.1 292.1
001837 0.972 1081.3 614.7 1124.2 647.0
001838 0.924 419.3 308.6 434.8 321.6
001839 0.909 24.9 300.7 81.7 347.7
001840 0.898 382.6 317.8 397.8 330.1
001841 0.981 673.2 290.0 688.6 303.4
001842 0.896 769.9 451.5 989.5 546.7
001842 0.719 582.1 1024.5 623.5 1058.7
001843 0.973 956.5 520.6 970.5 533.7
001843 0.887 423.9 84.9 451.4 108.9
001844 0.939 1616.6 154.6 1657.6 194.3
001845 0.881 749.4 381.6 770.7 401.2
001845 0.705 1436.9 1051.7 1448.5 1061.3
001845 0.588 1206.1 813.6 1217.5 823.2
001456 0.955 638.8 437.3 654.0 449.4
001457 0.968 743.8 544.7 787.6 576.9
001457 0.923 769.3 145.8 799.1 171.1
001458 0.945 812.8 353.7 858.8 385.4
001459 0.796 1519.4 698.6 1546.7 721.7
001460 0.882 821.1 595.0 835.6 605.2
001461 0.957 1178.7 788.4 1194.8 804.8
001462 0.953 1225.2 317.5 1242.2 329.7
001463 0.967 1109.7 551.3 1124.9 565.4
001464 0.562 931.8 361.2 943.4 369.4
001465 0.966 699.0 468.6 716.9 482.3
001466 0.955 785.9 171.3 829.0 203.1
001467 0.970 617.6 37.4 656.1 65.7
001468 0.956 972.1 148.6 985.2 160.6
001469 0.966 1085.6 173.6 1132.2 213.6
001470 0.922 682.2 602.2 699.1 614.4
001471 0.955 634.6 237.6 654.5 253.1
001472 0.956 509.5 667.1 525.0 680.1
001473 0.907 1049.2 503.7 1065.2 514.8
001474 0.958 1183.3 445.5 1201.2 463.2
001475 0.974 1171.5 40.0 1233.7 90.9
001476 0.975 1042.7 157.3 1078.3 187.4
001477 0.964 424.8 252.4 452.6 276.0
001478 0.959 1326.1 918.8 1341.2 935.2
002681 0.912 948.3 314.8 961.4 325.8
002682 0.854 866.5 660.4 880.0 671.1
002683 0.970 965.5 53.0 1005.1 83.5
002684 0.975 882.6 640.3 896.4 652.1
002685 0.968 1109.7 347.6 1142.1 372.4
002686 0.974 732.4 290.8 747.8 304.8
002687 0.878 832.3 339.6 854.0 359.5
002688 0.934 775.2 316.1 807.9 340.7
002689 0.962 907.3 670.1 920.6 681.5
002690 0.897 522.8 414.8 537.6 425.4
002691 0.963 1081.4 574.8 1101.7 591.3
002692 0.841 954.8 238.4 968.6 248.6
002693 0.690 1046.7 477.8 1057.7 485.9
002694 0.936 454.5 242.7 474.8 260.8
002695 0.887 784.8 477.4 946.7 558.2
002696 0.978 819.9 245.2 855.6 274.1
002696 0.663 1747.0 167.2 1760.4 180.0
002697 0.909 1525.2 419.4 1554.5 442.9
002698 0.970 909.9 220.2 950.5 249.3
002699 0.968 703.2 91.7 731.2 118.4
002700 0.902 453.3 279.8 475.4 299.0
002701 0.966 1116.1 213.4 1192.0 279.4
002702 0.963 343.8 643.5 357.7 655.9
002703 0.971 1502.0 111.3 1543.4 140.6
002704 0.973 907.7 457.0 924.4 471.1
002705 0.948 908.5 231.6 928.2 248.8
000204 0.888 667.1 795.7 683.1 807.3
000205 0.969 845.5 501.3 861.8 514.1
000206 0.800 614.3 658.0 628.1 668.1
000207 0.926 1042.8 250.4 1095.4 290.8
000208 0.975 592.8 653.1 607.6 666.2
000209 0.980 786.7 351.9 827.5 385.5
000210 0.934 661.2 41.8 704.7 74.8
000211 0.975 1067.7 310.3 1104.0 338.8
000212 0.949 801.7 466.0 832.5 488.4
000213 0.976 1203.3 98.1 1237.7 126.3
000213 0.531 1337.1 23.3 1347.6 33.2
000214 0.908 390.6 319.8 405.5 334.2
000215 0.802 911.6 396.5 926.3 406.8
000216 0.984 1142.5 488.6 1175.4 516.4
000217 0.905 971.6 131.1 1000.3 154.6
000218 0.974 553.0 135.9 591.5 165.8
000219 0.827 878.3 518.0 891.7 528.9
000220 0.970 464.1 432.5 479.0 444.9
000221 0.805 4.7 546.5 59.0 592.3
000222 0.877 912.9 661.4 926.1 671.9
000223 0.855 1528.8 329.0 1581.3 373.0
000224 0.986 982.4 231.0 1020.9 264.3
000225 0.941 1124.2 371.3 1165.4 404.0
000226 0.909 485.6 364.3 512.2 387.2
000227 0.882 1433.4 342.9 1479.8 377.3
000228 0.895 980.6 624.5 993.4 635.5
001158 0.962 1088.7 72.2 1130.2 102.3
001159 0.957 645.8 119.5 689.3 151.5
001160 0.959 224.9 632.3 243.4 646.8
001161 0.987 865.9 401.1 903.1 433.6
001162 0.955 364.5 280.8 386.0 299.8
001163 0.904 895.2 390.3 914.9 407.2
001164 0.943 1545.6 783.2 1562.4 795.6
001165 0.857 970.6 303.8 984.2 315.0
001166 0.974 754.6 252.2 771.3 265.1
001167 0.960 801.1 218.5 842.7 251.8
001168 0.847 897.0 148.0 941.0 185.6
001169 0.967 888.5 294.5 925.8 322.8
001170 0.967 1012.5 452.8 1030.1 467.2
001171 0.966 963.9 775.0 977.3 788.5
001172 0.975 1369.3 264.7 1407.3 300.0
001173 0.959 391.8 648.9 405.7 659.6
001174 0.979 977.9 595.7 995.2 610.8
001175 0.922 828.6 185.5 872.6 218.9
001176 0.981 956.5 238.8 997.1 275.5
001177 0.971 593.9 653.3 609.3 667.0
001178 0.972 1080.9 606.2 1097.2 620.6
001179 0.900 864.8 543.5 898.6 563.8
001180 0.901 440.6 235.9 455.7 248.0
001181 0.932 632.1 389.0 653.1 406.5
001182 0.894 1578.0 91.9 1591.9 103.2
001182 0.892 612.0 445.5 638.1 469.3
001183 0.809 564.4 627.5 577.0 637.6
001184 0.984 706.5 350.5 746.5 385.1
000605 0.933 526.6 351.9 547.6 364.7
000606 0.952 408.7 270.0 426.5 286.1
000607 0.972 813.2 429.8 828.9 443.0
000608 0.914 883.2 559.7 925.6 611.8
000609 0.900 695.3 77.3 744.6 116.6
000609 0.664 313.6 114.4 337.5 154.4
000610 0.974 826.0 257.5 867.3 288.2
000611 0.946 1113.3 609.6 1125.7 620.6
000612 0.891 1544.7 221.6 1596.0 264.2
000613 0.987 942.9 233.3 1003.8 283.7
000614 0.953 785.7 596.0 801.5 606.6
000615 0.946 841.1 202.8 883.3 237.1
000615 0.809 1812.1 371.4 1864.9 413.6
000616 0.969 1134.4 208.6 1171.2 238.5
000617 0.873 550.4 301.0 573.1 318.5
000618 0.957 740.4 133.7 780.7 166.4
000619 0.945 401.1 317.2 410.6 324.9
000620 0.962 623.6 456.8 637.5 469.7
000621 0.977 1283.8 300.8 1321.3 334.3
000622 0.957 805.9 394.8 851.9 426.5
000623 0.968 1613.9 258.5 1657.1 288.9
000623 0.933 997.7 284.7 1080.4 341.6
000624 0.945 534.8 459.8 552.8 475.2
000625 0.971 904.8 158.4 940.5 188.5
000626 0.947 1085.5 170.9 1129.7 206.4
000627 0.814 332.1 329.8 343.5 338.9
000628 0.943 962.5 535.8 977.7 552.7
000629 0.830 785.3 542.2 798.8 552.5
000630 0.978 1577.7 250.4 1617.2 284.7
000631 0.976 927.2 297.7 943.4 311.8
000632 0.982 1123.1 554.2 1160.7 585.5
000632 0.507 1312.5 794.3 1322.1 803.8
000633 0.970 682.2 291.4 699.8 305.4
000634 0.948 906.7 436.4 926.3 453.3
000635 0.972 891.7 467.2 904.6 477.9
000636 0.912 965.1 614.1 978.0 627.7
000637 0.941 865.2 82.5 910.2 121.5
000637 0.821 553.8 130.7 580.5 171.6
000638 0.819 619.5 440.4 634.4 451.9
000638 0.678 528.7 407.5 539.5 415.9
000639 0.959 325.0 87.2 362.2 115.6
000640 0.931 813.6 406.2 856.2 436.3
000641 0.868 874.2 664.1 887.1 674.6
002207 0.913 936.9 180.7 982.2 220.4
002208 0.982 565.8 366.5 584.6 381.9
002209 0.936 463.7 249.3 486.7 268.8
002210 0.980 306.3 324.7 351.1 363.5
002211 0.972 273.7 217.7 294.2 236.1
002212 0.965 633.7 216.7 677.6 255.1
002213 0.974 531.4 344.8 579.0 380.4
002214 0.970 714.0 665.7 733.3 680.6
002215 0.935 234.4 324.3 250.8 337.8
002216 0.941 413.7 36.1 452.2 67.7
002217 0.966 386.4 309.1 403.8 323.3
002218 0.541 915.3 547.1 927.1 556.3
002219 0.947 1200.9 195.7 1218.6 208.5
002220 0.987 1221.1 386.2 1256.8 420.6
002221 0.965 717.6 255.0 748.5 282.3
002222 0.979 983.1 648.3 1017.2 678.4
002223 0.922 1109.2 217.8 1155.8 256.5
002224 0.941 253.5 259.4 298.2 291.1
002225 0.962 944.9 54.2 986.6 85.1
002226 0.946 919.0 434.3 953.4 461.4
002226 0.743 560.0 113.1 572.5 123.2
002227 0.972 1105.0 514.7 1119.5 528.2
002228 0.960 952.6 394.8 972.8 410.4
002229 0.978 1112.3 476.0 1126.7 488.6
000840 0.863 474.7 287.7 501.0 309.6
000841 0.970 1181.5 560.5 1196.4 576.0
000842 0.985 961.6 271.5 999.7 300.8
000843 0.976 416.2 261.6 457.5 292.5
000844 0.950 976.9 99.4 989.9 112.5
000845 0.913 352.9 295.7 363.3 305.0
000846 0.950 909.6 400.5 929.4 414.3
000847 0.915 1136.6 291.2 1178.3 329.1
000848 0.976 793.7 216.3 851.0 261.6
000849 0.926 608.1 311.8 628.6 325.4
000850 0.664 994.6 610.0 1006.2 618.8
000851 0.972 1094.9 189.4 1128.7 217.6
000852 0.967 923.3 291.8 978.1 338.0
000853 0.886 1101.8 531.6 1115.0 541.5
000854 0.875 1080.7 499.9 1095.3 510.5
000855 0.593 1223.9 292.9 1252.5 317.4
000855 0.524 106.7 934.8 140.8 966.1
000856 0.689 734.8 432.9 746.7 442.4
000857 0.977 671.5 96.7 708.8 125.3
000858 0.939 894.6 714.3 907.9 727.4
000859 0.932 1023.9 472.3 1068.4 510.6
000860 0.963 785.4 112.6 823.7 140.5
000861 0.708 810.1 794.1 822.9 804.4
000862 0.947 1048.8 202.3 1067.5 215.7
000863 0.954 497.2 454.3 511.7 467.5
000864 0.907 408.4 304.9 423.0 316.8
000865 0.831 1224.6 398.8 1277.8 441.2
000866 0.944 913.5 12.9 999.4 94.4
000867 0.960 439.0 296.0 456.4 311.0
000868 0.929 397.5 351.6 412.7 364.6
000869 0.988 1211.0 415.9 1249.8 448.5
000870 0.943 1299.2 247.6 1341.7 293.0
000871 0.869 810.4 415.5 859.4 450.4
001947 0.923 1328.0 653.9 1343.7 673.6
001948 0.927 483.7 647.6 496.7 659.0
001949 0.871 1148.3 258.3 1191.6 297.9
001950 0.968 863.7 524.5 897.8 581.1
001951 0.983 946.3 436.9 984.3 467.4
001952 0.988 393.0 216.7 434.3 246.6
001953 0.954 1266.7 457.7 1283.6 470.0
001954 0.972 963.4 222.6 978.8 237.5
001955 0.968 867.8 115.1 903.5 140.4
001956 0.976 1322.1 676.2 1338.2 691.8
001957 0.944 1245.8 449.3 1292.3 482.8
001958 0.965 820.3 506.2 871.3 537.6
001959 0.986 945.6 238.6 1003.8 287.1
001960 0.969 979.6 674.9 1009.7 702.1
001961 0.976 891.6 533.9 904.7 545.6
001962 0.948 389.0 259.7 411.4 279.1
001963 0.963 1114.4 675.8 1128.3 688.7
001964 0.953 1208.4 178.1 1261.5 224.2
001965 0.897 1030.8 613.6 1121.1 674.9
001966 0.963 1100.8 398.5 1146.7 437.9
001967 0.818 1004.8 805.5 1016.9 815.5
001968 0.975 788.9 561.8 803.9 575.9
001969 0.938 1116.1 245.5 1157.1 280.7
001970 0.901 1170.4 499.3 1184.4 509.3
001971 0.984 992.2 226.5 1060.8 287.4
001972 0.974 1087.3 222.9 1118.6 251.0
001973 0.909 460.6 235.3 483.5 253.6
001974 0.940 1022.2 521.8 1041.7 535.6
001975 0.922 738.0 215.8 757.9 230.0
001976 0.846 1025.3 563.7 1038.0 574.7
001977 0.832 1201.9 261.2 1223.8 278.7
001978 0.958 389.2 254.6 409.1 272.6
001979 0.973 1180.8 792.8 1195.7 808.2
001980 0.874 409.6 228.4 424.4 240.5
001981 0.983 969.1 480.6 1002.1 507.8
001982 0.978 1108.5 553.3 1122.8 566.1
001983 0.841 955.8 286.7 1088.1 514.6
001984 0.933 1302.6 68.8 1344.0 106.4
002462 0.981 1007.3 302.0 1069.6 351.6
002463 0.898 594.4 542.3 609.2 553.8
002463 0.564 1725.0 513.4 1736.3 522.8
002464 0.908 880.1 624.9 895.2 636.6
002465 0.910 1346.5 330.1 1366.3 347.1
002466 0.980 1379.6 363.6 1415.1 395.1
002467 0.937 213.8 211.0 258.6 243.0
002468 0.971 438.5 102.1 477.8 131.4
002469 0.967 981.1 920.4 1013.3 946.0
002470 0.939 795.2 393.1 814.0 406.8
002471 0.976 1108.3 537.4 1123.1 550.7
002472 0.913 884.7 158.1 930.1 193.6
002473 0.973 1155.8 76.8 1196.3 108.5
002474 0.897 566.4 349.2 580.5 360.6
002475 0.885 1333.9 275.8 1379.6 318.4
002476 0.939 784.9 489.2 799.8 501.4
002477 0.903 883.1 270.1 925.8 305.1
002478 0.961 703.7 361.1 723.5 374.4
002479 0.974 1179.6 265.8 1197.1 280.3
002480 0.953 780.8 447.9 795.6 460.4
002481 0.985 882.8 399.6 916.1 427.3
002482 0.986 1374.2 337.0 1413.3 370.3
000298 0.945 913.5 217.4 959.8 257.0
000299 0.958 918.0 246.2 946.7 271.6
000300 0.975 978.7 407.9 1014.8 437.2
000301 0.955 902.7 583.8 948.3 622.9
000302 0.956 377.9 330.5 395.4 345.5
000303 0.984 916.9 379.3 954.2 410.7
000304 0.982 1308.6 259.8 1364.7 307.8
000305 0.903 449.3 373.0 465.4 382.5
000306 0.715 598.4 384.2 609.6 393.2
000307 0.965 878.6 51.8 917.1 81.4
000308 0.957 855.8 135.9 895.2 167.9
000309 0.970 852.0 70.9 892.3 99.6
000310 0.975 1150.6 406.2 1191.3 443.0
000311 0.982 1245.2 319.6 1280.7 347.9
000312 0.899 973.3 407.2 986.9 417.3
000313 0.588 889.8 620.3 901.1 629.6
000314 0.926 844.4 460.1 861.7 472.9
000315 0.977 1630.3 120.7 1688.0 165.8
000316 0.967 368.9 251.4 386.8 265.3
000317 0.892 863.8 157.4 908.4 191.9
000318 0.963 251.9 9.1 292.5 40.0
000319 0.978 827.3 303.2 860.4 329.2
000320 0.953 671.9 124.9 714.7 156.6
000321 0.935 747.5 220.1 767.3 234.4
000322 0.976 1057.9 291.5 1094.3 320.0
000323 0.970 959.8 408.6 994.0 440.6
000324 0.955 832.5 257.3 861.5 284.2
000325 0.882 860.4 409.6 906.8 458.0
001713 0.903 824.3 527.1 839.0 537.6
001714 0.894 480.0 369.7 490.1 378.3
001715 0.965 1056.8 600.2 1074.8 615.1
001716 0.893 426.9 240.3 437.0 250.5
001717 0.967 414.1 266.8 442.1 289.9
001719 0.832 1088.3 878.6 1101.6 889.5
001720 0.962 963.9 692.3 977.6 705.9
001721 0.944 945.1 240.4 959.3 251.9
001722 0.984 758.1 112.3 786.3 138.8
001723 0.894 847.3 324.5 860.0 336.0
001724 0.930 1485.4 766.7 1501.6 778.6
001724 0.532 1772.6 444.7 1811.9 470.5
001725 0.946 1053.1 356.4 1080.7 380.9
001726 0.973 1208.1 413.6 1250.6 448.2
001727 0.945 898.8 100.5 940.3 134.9
001728 0.907 761.7 182.0 806.9 216.4
001729 0.915 857.0 371.8 906.0 406.1
001730 0.880 809.7 765.9 865.4 800.4
001731 0.852 1072.2 445.2 1098.6 468.5
001732 0.977 774.9 692.6 812.6 726.1
001733 0.979 759.3 349.0 791.8 377.2
001052 0.955 1113.3 542.6 1127.6 556.4
001053 0.966 856.0 111.1 892.9 139.9
001054 0.928 821.9 393.4 837.5 405.1
001055 0.896 884.4 450.0 934.3 498.1
001056 0.949 1316.4 586.4 1349.5 612.1
001056 0.946 497.9 688.9 528.1 712.8
001056 0.943 1521.5 860.6 1540.8 875.1
001056 0.939 381.9 1032.6 400.9 1048.2
001056 0.905 922.1 413.6 969.5 442.0
001056 0.787 1196.9 1002.8 1225.6 1023.2
001056 0.787 195.5 942.7 223.1 964.2
001056 0.553 1537.5 1011.6 1551.0 1023.5
001057 0.962 393.9 334.7 410.3 350.1
001058 0.966 973.0 322.2 988.3 337.6
001059 0.964 725.6 79.5 764.3 107.9
001060 0.949 854.8 35.9 894.5 68.3
001061 0.954 416.8 292.2 434.5 307.0
001062 0.958 790.5 527.2 828.8 552.8
001063 0.909 1511.5 340.7 1542.1 364.7
001064 0.960 430.4 658.3 445.6 670.3
001065 0.920 954.0 737.0 966.2 747.9
001066 0.936 301.6 342.2 311.2 350.3
001067 0.989 766.5 376.6 805.1 408.7
001068 0.954 454.5 237.4 474.9 254.8
001069 0.953 730.0 22.9 771.0 53.3
001070 0.985 1448.9 348.8 1483.1 376.1
001071 0.956 868.3 489.1 904.7 512.3
001072 0.922 427.5 293.2 449.6 312.9
001073 0.882 505.6 242.2 527.1 259.8
001074 0.974 665.9 279.3 720.2 324.1
001075 0.883 788.1 458.3 810.8 483.4
001076 0.734 1002.2 468.1 1014.2 477.9
001077 0.954 653.0 50.2 719.4 107.6
001077 0.925 956.0 350.1 1119.6 481.1
001077 0.559 923.0 646.5 978.4 695.0
001552 0.962 818.6 441.2 861.4 480.8
001553 0.867 945.1 622.1 958.7 631.4
001554 0.963 880.2 453.9 896.2 467.7
001555 0.936 973.7 146.1 988.3 161.6
001556 0.915 814.7 794.2 828.9 804.3
001557 0.980 721.0 301.2 735.3 313.4
001558 0.929 727.2 556.3 748.8 573.8
001559 0.971 864.2 142.7 900.5 170.0
001560 0.950 696.8 455.2 715.6 469.1
001561 0.946 922.0 462.9 938.6 474.7
001562 0.894 679.1 677.9 728.2 713.1
001563 0.950 945.0 471.5 958.2 482.2
001564 0.964 976.1 490.9 994.7 505.4
001565 0.929 1194.1 253.6 1245.1 293.8
001566 0.909 1136.2 291.5 1164.7 313.8
001567 0.856 986.7 553.2 1036.8 588.7
001568 0.965 836.1 56.3 874.1 87.6
001569 0.916 887.2 215.1 906.8 233.9
001570 0.728 398.9 247.9 413.3 262.2
001571 0.895 559.3 325.9 580.5 339.9
001572 0.970 1184.0 199.5 1242.0 248.2
001573 0.933 783.2 497.9 798.0 509.8
001574 0.977 758.9 340.2 791.4 370.4
001575 0.973 878.0 262.7 918.2 293.9
001221 0.881 634.2 560.3 648.3 570.1
001222 0.955 853.2 372.8 898.7 404.0
001223 0.942 822.4 280.6 850.7 305.5
001224 0.965 643.9 93.9 684.6 124.4
001225 0.891 1148.8 335.6 1195.8 375.8
001226 0.786 925.8 326.4 937.2 335.0
001227 0.745 972.9 386.5 984.4 395.3
001228 0.942 1326.5 653.5 1342.1 671.8
001229 0.929 1119.0 288.5 1170.7 334.0
001230 0.893 675.7 297.3 692.0 308.7
001231 0.898 429.1 268.0 455.7 290.2
001232 0.862 861.0 457.7 874.1 468.1
001233 0.915 420.0 254.4 442.3 272.8
001234 0.958 932.4 184.3 976.6 221.4
001234 0.687 468.8 216.8 492.0 257.6
001235 0.967 661.2 317.4 708.3 353.7
001236 0.960 1028.3 573.7 1046.3 588.7
001237 0.847 501.3 367.7 524.3 385.0
001238 0.922 924.5 470.6 939.8 481.7
001239 0.970 1164.8 112.4 1202.6 139.7
001240 0.790 4.0 906.3 52.7 944.6
001241 0.958 999.7 573.6 1018.5 589.7
001242 0.953 745.6 0.0 778.6 24.8
001243 0.976 547.8 351.9 594.3 386.8
001244 0.979 874.8 536.9 891.6 550.4
001245 0.928 850.9 323.4 867.2 335.8
001246 0.950 1323.7 798.9 1339.6 816.9
001247 0.969 1200.2 467.7 1231.3 493.6
001247 0.911 263.5 660.7 278.2 672.4
001248 0.976 1432.5 329.6 1475.1 367.9
001249 0.972 1073.3 275.3 1114.4 307.0
001250 0.968 1348.3 597.9 1365.3 612.9
001251 0.954 365.4 297.2 386.3 314.9
001252 0.948 473.9 266.8 491.9 281.8
001253 0.908 969.2 383.4 1013.4 421.9
001254 0.909 966.7 690.8 980.0 706.6
000515 0.977 1321.7 668.5 1339.0 683.8
000516 0.967 360.7 650.3 375.8 663.6
000517 0.987 1095.8 222.1 1135.5 251.7
000518 0.972 493.4 252.2 538.0 288.5
000519 0.925 390.8 222.3 412.9 240.4
000520 0.969 1408.5 93.9 1448.1 122.7
000521 0.978 776.2 325.4 815.6 360.5
000522 0.948 1344.6 759.0 1361.2 771.5
000522 0.927 968.5 304.3 1020.0 345.3
000523 0.956 1148.4 158.0 1181.0 184.7
000523 0.563 985.5 188.4 996.2 198.4
000524 0.980 801.3 286.9 832.9 314.3
000525 0.978 1270.9 426.8 1313.4 462.2
000526 0.939 346.9 305.4 361.5 318.4
000527 0.942 611.3 121.1 658.0 154.0
000528 0.964 1025.0 452.5 1041.7 467.3
000529 0.970 416.5 287.9 430.3 299.3
000530 0.968 896.3 34.6 914.1 49.5
000531 0.937 468.2 279.4 485.6 291.0
000532 0.954 669.2 336.9 685.2 349.5
000533 0.885 647.0 429.2 671.9 453.9
000534 0.974 961.1 484.3 975.0 496.8
000535 0.961 1118.7 440.2 1133.3 454.8
000536 0.935 1045.0 313.7 1059.9 326.0
000537 0.962 1323.9 684.8 1341.4 701.4
000538 0.968 1115.8 474.6 1129.8 487.3
000539 0.957 776.0 300.3 788.8 312.3
000540 0.929 1200.4 271.9 1227.4 294.8
000541 0.966 257.1 81.1 298.1 109.5
000542 0.960 853.6 68.7 893.6 99.6
000542 0.950 1244.7 790.5 1263.6 808.1
000543 0.959 540.1 434.9 553.2 446.0
000544 0.972 1462.7 107.5 1500.4 135.3
000545 0.977 853.8 195.2 896.2 232.8
000546 0.969 1030.9 620.6 1049.1 635.2
000547 0.979 917.2 383.4 957.4 418.2
